2.100860029458999634e-01
1.821010261774063110e-01
1.330477148294448853e-01
1.474255323410034180e-01
4.041433334350585938e-01
2.235173881053924561e-01
1.152205094695091248e-01
1.111426427960395813e-01
6.813560426235198975e-02
1.771448552608489990e-01
2.063959687948226929e-01
2.597928047180175781e-01
1.595363318920135498e-01
6.545146554708480835e-02
4.741684198379516602e-01
3.207530677318572998e-01
2.313074469566345215e-01
1.915162056684494019e-01
1.266083866357803345e-01
2.778227627277374268e-01
