1.445966586470603943e-02
2.990254759788513184e-02
6.352303177118301392e-02
1.214231178164482117e-01
1.218918919563293457e+00
1.695805788040161133e-02
2.733044512569904327e-02
6.738378107547760010e-02
1.386552900075912476e-01
1.212995290756225586e+00
1.582751609385013580e-02
2.683269605040550232e-02
5.977299064397811890e-02
1.171395927667617798e-01
1.054393410682678223e+00
1.408166158944368362e-02
2.571235597133636475e-02
5.992198735475540161e-02
1.144254356622695923e-01
1.039924979209899902e+00
